100.000000    0.102994
100.100000    0.102785
100.200000    0.102577
100.300000    0.102369
100.400000    0.102162
100.500000    0.101956
100.600000    0.101751
100.700000    0.101546
100.800000    0.101341
100.900000    0.101138
101.000000    0.100935
101.100000    0.100732
101.200000    0.100530
101.300000    0.100329
101.400000    0.100128
101.500000    0.099928
101.600000    0.099729
101.700000    0.099530
101.800000    0.099331
101.900000    0.099134
102.000000    0.098937
102.100000    0.098740
102.200000    0.098544
102.300000    0.098349
102.400000    0.098154
102.500000    0.097960
102.600000    0.097766
102.700000    0.097573
102.800000    0.097381
102.900000    0.097189
103.000000    0.096997
103.100000    0.096807
103.200000    0.096616
103.300000    0.096427
103.400000    0.096238
103.500000    0.096049
103.600000    0.095861
103.700000    0.095674
103.800000    0.095487
103.900000    0.095301
104.000000    0.095115
104.100000    0.094929
104.200000    0.094745
104.300000    0.094561
104.400000    0.094377
104.500000    0.094194
104.600000    0.094011
104.700000    0.093829
104.800000    0.093648
104.900000    0.093467
105.000000    0.093286
105.100000    0.093106
105.200000    0.092927
105.300000    0.092748
105.400000    0.092570
105.500000    0.092392
105.600000    0.092214
105.700000    0.092038
105.800000    0.091861
105.900000    0.091685
106.000000    0.091510
106.100000    0.091335
106.200000    0.091161
106.300000    0.090987
106.400000    0.090814
106.500000    0.090641
106.600000    0.090469
106.700000    0.090297
106.800000    0.090125
106.900000    0.089955
107.000000    0.089784
107.100000    0.089614
107.200000    0.089445
107.300000    0.089276
107.400000    0.089107
107.500000    0.088939
107.600000    0.088772
107.700000    0.088605
107.800000    0.088438
107.900000    0.088272
108.000000    0.088107
108.100000    0.087941
108.200000    0.087777
108.300000    0.087612
108.400000    0.087449
108.500000    0.087285
108.600000    0.087122
108.700000    0.086960
108.800000    0.086798
108.900000    0.086637
109.000000    0.086476
109.100000    0.086315
109.200000    0.086155
109.300000    0.085995
109.400000    0.085836
109.500000    0.085677
109.600000    0.085519
109.700000    0.085361
109.800000    0.085203
109.900000    0.085046
110.000000    0.084889
110.100000    0.084733
110.200000    0.084577
110.300000    0.084422
110.400000    0.084267
110.500000    0.084113
110.600000    0.083959
110.700000    0.083805
110.800000    0.083652
110.900000    0.083499
111.000000    0.083347
111.100000    0.083195
111.200000    0.083043
111.300000    0.082892
111.400000    0.082741
111.500000    0.082591
111.600000    0.082441
111.700000    0.082291
111.800000    0.082142
111.900000    0.081994
112.000000    0.081845
112.100000    0.081697
112.200000    0.081550
112.300000    0.081403
112.400000    0.081256
112.500000    0.081110
112.600000    0.080964
112.700000    0.080819
112.800000    0.080673
112.900000    0.080529
113.000000    0.080384
113.100000    0.080240
113.200000    0.080097
113.300000    0.079954
113.400000    0.079811
113.500000    0.079668
113.600000    0.079526
113.700000    0.079385
113.800000    0.079244
113.900000    0.079103
114.000000    0.078962
114.100000    0.078822
114.200000    0.078682
114.300000    0.078543
114.400000    0.078404
114.500000    0.078265
114.600000    0.078127
114.700000    0.077989
114.800000    0.077851
114.900000    0.077714
115.000000    0.077577
115.100000    0.077441
115.200000    0.077305
115.300000    0.077169
115.400000    0.077034
115.500000    0.076899
115.600000    0.076764
115.700000    0.076629
115.800000    0.076495
115.900000    0.076362
116.000000    0.076229
116.100000    0.076096
116.200000    0.075963
116.300000    0.075831
116.400000    0.075699
116.500000    0.075567
116.600000    0.075436
116.700000    0.075305
116.800000    0.075175
116.900000    0.075045
117.000000    0.074915
117.100000    0.074785
117.200000    0.074656
117.300000    0.074527
117.400000    0.074399
117.500000    0.074271
117.600000    0.074143
117.700000    0.074015
117.800000    0.073888
117.900000    0.073761
118.000000    0.073635
118.100000    0.073508
118.200000    0.073382
118.300000    0.073257
118.400000    0.073132
118.500000    0.073007
118.600000    0.072882
118.700000    0.072758
118.800000    0.072634
118.900000    0.072510
119.000000    0.072387
119.100000    0.072264
119.200000    0.072141
119.300000    0.072019
119.400000    0.071897
119.500000    0.071775
119.600000    0.071654
119.700000    0.071532
119.800000    0.071412
119.900000    0.071291
120.000000    0.071171
120.100000    0.071051
120.200000    0.070931
120.300000    0.070812
120.400000    0.070693
120.500000    0.070574
120.600000    0.070456
120.700000    0.070338
120.800000    0.070220
120.900000    0.070102
121.000000    0.069985
121.100000    0.069868
121.200000    0.069751
121.300000    0.069635
121.400000    0.069519
121.500000    0.069403
121.600000    0.069288
121.700000    0.069172
121.800000    0.069058
121.900000    0.068943
122.000000    0.068829
122.100000    0.068715
122.200000    0.068601
122.300000    0.068487
122.400000    0.068374
122.500000    0.068261
122.600000    0.068148
122.700000    0.068036
122.800000    0.067924
122.900000    0.067812
123.000000    0.067701
123.100000    0.067589
123.200000    0.067478
123.300000    0.067368
123.400000    0.067257
123.500000    0.067147
123.600000    0.067037
123.700000    0.066927
123.800000    0.066818
123.900000    0.066709
124.000000    0.066600
124.100000    0.066492
124.200000    0.066383
124.300000    0.066275
124.400000    0.066167
124.500000    0.066060
124.600000    0.065953
124.700000    0.065846
124.800000    0.065739
124.900000    0.065633
125.000000    0.065526
125.100000    0.065420
125.200000    0.065315
125.300000    0.065209
125.400000    0.065104
125.500000    0.064999
125.600000    0.064894
125.700000    0.064790
125.800000    0.064686
125.900000    0.064582
126.000000    0.064478
126.100000    0.064375
126.200000    0.064272
126.300000    0.064169
126.400000    0.064066
126.500000    0.063964
126.600000    0.063861
126.700000    0.063759
126.800000    0.063658
126.900000    0.063556
127.000000    0.063455
127.100000    0.063354
127.200000    0.063253
127.300000    0.063153
127.400000    0.063053
127.500000    0.062953
127.600000    0.062853
127.700000    0.062753
127.800000    0.062654
127.900000    0.062555
128.000000    0.062456
128.100000    0.062357
128.200000    0.062259
128.300000    0.062161
128.400000    0.062063
128.500000    0.061965
128.600000    0.061868
128.700000    0.061771
128.800000    0.061674
128.900000    0.061577
129.000000    0.061481
129.100000    0.061384
129.200000    0.061288
129.300000    0.061192
129.400000    0.061097
129.500000    0.061001
129.600000    0.060906
129.700000    0.060811
129.800000    0.060716
129.900000    0.060622
130.000000    0.060528
130.100000    0.060434
130.200000    0.060340
130.300000    0.060246
130.400000    0.060153
130.500000    0.060059
130.600000    0.059966
130.700000    0.059874
130.800000    0.059781
130.900000    0.059689
131.000000    0.059597
131.100000    0.059505
131.200000    0.059413
131.300000    0.059322
131.400000    0.059230
131.500000    0.059139
131.600000    0.059048
131.700000    0.058958
131.800000    0.058867
131.900000    0.058777
132.000000    0.058687
132.100000    0.058597
132.200000    0.058508
132.300000    0.058418
132.400000    0.058329
132.500000    0.058240
132.600000    0.058151
132.700000    0.058063
132.800000    0.057974
132.900000    0.057886
133.000000    0.057798
133.100000    0.057710
133.200000    0.057623
133.300000    0.057535
133.400000    0.057448
133.500000    0.057361
133.600000    0.057274
133.700000    0.057188
133.800000    0.057101
133.900000    0.057015
134.000000    0.056929
134.100000    0.056843
134.200000    0.056758
134.300000    0.056672
134.400000    0.056587
134.500000    0.056502
134.600000    0.056417
134.700000    0.056333
134.800000    0.056248
134.900000    0.056164
135.000000    0.056080
135.100000    0.055996
135.200000    0.055912
135.300000    0.055829
135.400000    0.055745
135.500000    0.055662
135.600000    0.055579
135.700000    0.055496
135.800000    0.055414
135.900000    0.055331
136.000000    0.055249
136.100000    0.055167
136.200000    0.055085
136.300000    0.055004
136.400000    0.054922
136.500000    0.054841
136.600000    0.054760
136.700000    0.054679
136.800000    0.054598
136.900000    0.054517
137.000000    0.054437
137.100000    0.054357
137.200000    0.054277
137.300000    0.054197
137.400000    0.054117
137.500000    0.054038
137.600000    0.053958
137.700000    0.053879
137.800000    0.053800
137.900000    0.053721
138.000000    0.053643
138.100000    0.053564
138.200000    0.053486
138.300000    0.053408
138.400000    0.053330
138.500000    0.053252
138.600000    0.053174
138.700000    0.053097
138.800000    0.053019
138.900000    0.052942
139.000000    0.052865
139.100000    0.052789
139.200000    0.052712
139.300000    0.052635
139.400000    0.052559
139.500000    0.052483
139.600000    0.052407
139.700000    0.052331
139.800000    0.052256
139.900000    0.052180
140.000000    0.052105
140.100000    0.052030
140.200000    0.051955
140.300000    0.051880
140.400000    0.051805
140.500000    0.051731
140.600000    0.051656
140.700000    0.051582
140.800000    0.051508
140.900000    0.051434
141.000000    0.051361
141.100000    0.051287
141.200000    0.051214
141.300000    0.051141
141.400000    0.051068
141.500000    0.050995
141.600000    0.050922
141.700000    0.050849
141.800000    0.050777
141.900000    0.050705
142.000000    0.050632
142.100000    0.050560
142.200000    0.050489
142.300000    0.050417
142.400000    0.050345
142.500000    0.050274
142.600000    0.050203
142.700000    0.050132
142.800000    0.050061
142.900000    0.049990
143.000000    0.049920
143.100000    0.049849
143.200000    0.049779
143.300000    0.049709
143.400000    0.049639
143.500000    0.049569
143.600000    0.049499
143.700000    0.049429
143.800000    0.049360
143.900000    0.049291
144.000000    0.049222
144.100000    0.049153
144.200000    0.049084
144.300000    0.049015
144.400000    0.048946
144.500000    0.048878
144.600000    0.048810
144.700000    0.048742
144.800000    0.048674
144.900000    0.048606
145.000000    0.048538
145.100000    0.048471
145.200000    0.048403
145.300000    0.048336
145.400000    0.048269
145.500000    0.048202
145.600000    0.048135
145.700000    0.048068
145.800000    0.048002
145.900000    0.047935
146.000000    0.047869
146.100000    0.047803
146.200000    0.047737
146.300000    0.047671
146.400000    0.047605
146.500000    0.047539
146.600000    0.047474
146.700000    0.047408
146.800000    0.047343
146.900000    0.047278
147.000000    0.047213
147.100000    0.047148
147.200000    0.047084
147.300000    0.047019
147.400000    0.046955
147.500000    0.046890
147.600000    0.046826
147.700000    0.046762
147.800000    0.046698
147.900000    0.046635
148.000000    0.046571
148.100000    0.046508
148.200000    0.046444
148.300000    0.046381
148.400000    0.046318
148.500000    0.046255
148.600000    0.046192
148.700000    0.046129
148.800000    0.046067
148.900000    0.046004
149.000000    0.045942
149.100000    0.045880
149.200000    0.045818
149.300000    0.045756
149.400000    0.045694
149.500000    0.045632
149.600000    0.045570
149.700000    0.045509
149.800000    0.045448
149.900000    0.045386
150.000000    0.045325
150.100000    0.045264
150.200000    0.045204
150.300000    0.045143
150.400000    0.045082
150.500000    0.045022
150.600000    0.044961
150.700000    0.044901
150.800000    0.044841
150.900000    0.044781
151.000000    0.044721
151.100000    0.044661
151.200000    0.044602
151.300000    0.044542
151.400000    0.044483
151.500000    0.044424
151.600000    0.044364
151.700000    0.044305
151.800000    0.044246
151.900000    0.044188
152.000000    0.044129
152.100000    0.044070
152.200000    0.044012
152.300000    0.043954
152.400000    0.043895
152.500000    0.043837
152.600000    0.043779
152.700000    0.043721
152.800000    0.043664
152.900000    0.043606
153.000000    0.043548
153.100000    0.043491
153.200000    0.043434
153.300000    0.043377
153.400000    0.043319
153.500000    0.043263
153.600000    0.043206
153.700000    0.043149
153.800000    0.043092
153.900000    0.043036
154.000000    0.042979
154.100000    0.042923
154.200000    0.042867
154.300000    0.042811
154.400000    0.042755
154.500000    0.042699
154.600000    0.042643
154.700000    0.042588
154.800000    0.042532
154.900000    0.042477
155.000000    0.042421
155.100000    0.042366
155.200000    0.042311
155.300000    0.042256
155.400000    0.042201
155.500000    0.042146
155.600000    0.042092
155.700000    0.042037
155.800000    0.041983
155.900000    0.041928
156.000000    0.041874
156.100000    0.041820
156.200000    0.041766
156.300000    0.041712
156.400000    0.041658
156.500000    0.041604
156.600000    0.041551
156.700000    0.041497
156.800000    0.041444
156.900000    0.041391
157.000000    0.041337
157.100000    0.041284
157.200000    0.041231
157.300000    0.041178
157.400000    0.041126
157.500000    0.041073
157.600000    0.041020
157.700000    0.040968
157.800000    0.040915
157.900000    0.040863
158.000000    0.040811
158.100000    0.040759
158.200000    0.040707
158.300000    0.040655
158.400000    0.040603
158.500000    0.040551
158.600000    0.040500
158.700000    0.040448
158.800000    0.040397
158.900000    0.040346
159.000000    0.040294
159.100000    0.040243
159.200000    0.040192
159.300000    0.040141
159.400000    0.040091
159.500000    0.040040
159.600000    0.039989
159.700000    0.039939
159.800000    0.039888
159.900000    0.039838
