         1    119.976
         2     101.08
         3    85.1599
         4    71.7474
         5    60.4473
         6    50.9269
         7     42.906
         8    36.1484
         9    30.4551
        10    25.6585
        11    21.6173
        12    18.2126
        13    15.3442
        14    12.9275
        15    10.8914








         1    123.173
         2    103.407
         3    86.8134
         4    72.8823
         5    61.1868
         6    51.3681
         7    43.1249
         8    36.2046
         9    30.3948
        10    25.5173
        11    21.4225
        12    17.9848
        13    15.0987
        14    12.6758
        15    10.6417








         1    116.861
         2    98.8045
         3    83.5378
         4      70.63
         5    59.7167
         6    50.4896
         7    42.6883
         8    36.0923
         9    30.5155
        10    25.8005
        11    21.8139
        12    18.4434
        13    15.5936
        14    13.1842
        15     11.147
