        10    0.000000  0.000000
      1010    0.000000  0.000000
      2010    0.000000  0.000000
      3010    0.000000  0.000000
      4010    0.000000  0.000000
      5010    0.000000  0.000000
      6010    0.000000  0.000000
      7010    0.000000  0.000000
      8010    0.000000  0.000000
      9010    0.000000  0.000000
     10010    0.000000  0.000000
     11010    0.000000  0.000000
     12010    0.000000  0.000000
     13010    0.000000  0.000000
     14010    0.000000  0.000000
     15010    0.000000  0.000000
     16010    0.000000  0.000000
     17010    0.000000  0.000000
     18010    0.000000  0.000000
     19010    0.000000  0.000000
     20010    0.000000  0.000000
     21010    0.000000  0.000000
     22010    0.000000  0.000000
     23010    0.000000  0.000000
     24010    0.000000  0.000000
     25010    0.000000  0.000000
     26010    0.000000  0.000000
     27010    0.000000  0.000000
     28010    0.000000  0.000000
     29010    0.000000  0.000000
     30010    0.000000  0.000000
     31010    0.000000  0.000000
     32010    0.000000  0.000000
     33010    0.000000  0.000000
     34010    0.000000  0.000000
     35010    0.000000  0.000000
     36010    0.000000  0.000000
     37010    0.000000  0.000000
     38010    0.000000  0.000000
     39010    0.000000  0.000000
     40010    0.000000  0.000000
     41010    0.000000  0.000000
     42010    0.000000  0.000000
     43010    0.000000  0.000000
     44010    0.000000  0.000000
     45010    0.000000  0.000000
     46010    0.000000  0.000000
     47010    0.000000  0.000000
     48010    0.000000  0.000000
     49010    0.000000  0.000000
     50010    0.000000  0.000000
     51010    0.000000  0.000000
     52010    0.000000  0.000000
     53010    0.000000  0.000000
     54010    0.000000  0.000000
     55010    0.000000  0.000000
     56010    0.000000  0.000000
     57010    0.000000  0.000000
     58010    0.000000  0.000000
     59010    0.000000  0.000000
     60010    0.000000  0.000000
     61010    0.000000  0.000000
     62010    0.000000  0.000000
     63010    0.000000  0.000000
     64010    0.000000  0.000000
     65010    0.000000  0.000000
     66010    0.000000  0.000000
     67010    0.000000  0.000000
     68010    0.000000  0.000000
     69010    0.000000  0.000000
     70010    0.000000  0.000000
     71010    0.000000  0.000000
     72010    0.000000  0.000000
     73010    0.000000  0.000000
     74010    0.000000  0.000000
     75010    0.000000  0.000000
     76010    0.000000  0.000000
     77010    0.000000  0.000000
     78010    0.000000  0.000000
     79010    0.000000  0.000000
     80010    0.000000  0.000000
     81010    0.000000  0.000000
     82010    0.000000  0.000000
     83010    0.000000  0.000000
     84010    0.000000  0.000000
     85010    0.000000  0.000000
     86010    0.000000  0.000000
     87010    0.000000  0.000000
     88010    0.000000  0.000000
     89010    0.000000  0.000000
     90010    0.000000  0.000000
     91010    0.000000  0.000000
     92010    0.000000  0.000000
     93010    0.000000  0.000000
     94010    0.000000  0.000000
     95010    0.000000  0.000000
     96010    0.000000  0.000000
     97010    0.000000  0.000000
     98010    0.000000  0.000000
     99010    0.000000  0.000000
