 R is upper triangular? 
2.94e+07 2.6e+07 2.46e+07 3.22e+07 2.38e+07 2.18e+07 2.26e+07 4.05e+07 
0 2.4e+07 6.6e+06 4.85e+06 3.54e+06 1.16e+07 2.42e+07 1.39e+07 
0 0 1.55e+07 1.72e+05 1.01e+07 2.05e+07 1.91e+07 9.99e+06 
0 0 0 9.64e+06 -3.77e+06 -2.53e+06 8.47e+06 5.07e+06 
0 0 0 0 2.01e+07 -3.45e+06 5.27e+06 9.83e+06 
0 0 0 0 0 1.66e+07 8.35e+06 1.48e+07 
0 0 0 0 0 0 7.15e+06 7.67e+06 
0 0 0 0 0 0 0 2.57e+06 

 is Q^T*Q=1 ?
1 -2.31e-16 -1.56e-16 -2.64e-16 4.6e-17 3.09e-16 8.4e-16 -4.53e-15 
-2.31e-16 1 -7.98e-17 1.47e-17 2.26e-17 -5.55e-17 1.73e-17 -4.35e-16 
-1.56e-16 -7.98e-17 1 1.73e-17 -6.94e-18 -5.55e-17 2.22e-16 -7.63e-17 
-2.64e-16 1.47e-17 1.73e-17 1 -2.4e-17 -4.25e-17 4.31e-16 -1.88e-16 
4.6e-17 2.26e-17 -6.94e-18 -2.4e-17 1 -2.08e-17 -1.18e-16 1.86e-16 
3.09e-16 -5.55e-17 -5.55e-17 -4.25e-17 -2.08e-17 1 -5.55e-17 1.46e-16 
8.4e-16 1.73e-17 2.22e-16 4.31e-16 -1.18e-16 -5.55e-17 1 -2.91e-16 
-4.53e-15 -4.35e-16 -7.63e-17 -1.88e-16 1.86e-16 1.46e-16 -2.91e-16 1 

 is QR=A i.e. QR-A=0 ?
0 0 -4.66e-10 0 4.66e-10 0 0 0 
0 0 0 0 0 0 0 0 
1.86e-09 4.66e-10 0 0 0 4.66e-10 0 0 
0 0 0 -4.66e-10 0 4.66e-10 0 0 
0 0 -4.66e-10 0 0 0 0 0 
0 0 0 0 0 1.16e-10 0 2.33e-10 
0 0 0 0 0 -4.66e-10 0 0 
0 0 0 -1.46e-11 0 9.31e-10 0 0 

 Is A*x = b? ie. A*x-b=0 
1.49012e-08 -1.67638e-08 -1.11759e-08 6.51926e-09 -3.72529e-09 9.31323e-10 5.12227e-09 -1.86265e-09 