       300    0.082477
       310    0.086764
       320    0.121668
       330    0.108616
       340    0.133496
       350    0.137096
       360    0.155793
       370    0.164071
       380     0.17821
       390    0.210289
       400    0.213808
       410    0.215063
       420    0.256846
       430    0.259063
       440    0.279322
       450    0.317289
       460    0.336766
       470    0.352945
       480    0.431734
       490    0.483406
       500    0.428147
       510    0.486254
       520    0.488175
       530    0.548462
       540    0.549404
       550    0.596044
       560    0.603733
       570    0.666842
       580    0.726583
       590    0.889996
       600    0.887821
       610    0.897137
       620    0.893844
       630     0.99023
       640     1.75114
       650     1.05993
       660     1.07236
       670     1.09507
       680     1.22248
       690     1.26974
       700     1.28647
       710     1.38302
       720     1.47825
       730     1.50736
       740     1.52177
       750      1.6028
       760     1.72338
       770     1.75578
       780     1.85502
       790     1.91516
       800     2.39969
