      2000    0.006421
      2050     0.01019
      2100    0.007194
      2150    0.012031
      2200    0.007749
      2250    0.012901
      2300    0.010407
      2350    0.016472
      2400    0.016257
      2450    0.010963
      2500    0.011268
      2550     0.01245
      2600    0.015736
      2650    0.018485
      2700    0.015582
      2750    0.016691
      2800    0.023979
      2850    0.018406
      2900     0.02211
      2950    0.036714
      3000    0.033311
      3050    0.022715
      3100     0.02231
      3150    0.036252
      3200    0.044296
      3250    0.028638
      3300    0.032091
      3350    0.031802
      3400    0.049046
      3450    0.048682
      3500    0.075277
      3550    0.052784
      3600    0.051601
      3650    0.040811
      3700    0.050358
      3750    0.052759
      3800    0.049615
      3850    0.061846
      3900    0.064032
      3950    0.058011
      4000    0.062742
