         0	         0
       0.1	0.00479426
       0.2	  0.019177
       0.3	 0.0431483
       0.4	 0.0767081
       0.5	  0.119856
       0.6	  0.171419
       0.7	  0.230223
       0.8	  0.296268
       0.9	  0.369554
         1	  0.450081
       1.1	  0.535788
       1.2	  0.624616
       1.3	  0.716564
       1.4	  0.811633
       1.5	  0.909822
       1.6	   1.00869
       1.7	   1.10579
       1.8	   1.20113
       1.9	   1.29471
         2	   1.38652
       2.1	   1.47434
       2.2	   1.55595
       2.3	   1.63134
       2.4	   1.70051
       2.5	   1.76346
       2.6	   1.81874
       2.7	   1.86486
       2.8	   1.90184
       2.9	   1.92968
         3	   1.94836
       3.1	   1.95755
       3.2	   1.95691
       3.3	   1.94643
       3.4	    1.9261
       3.5	   1.89594
       3.6	   1.85681
       3.7	   1.80955
       3.8	   1.75417
       3.9	   1.69067
         4	   1.61905
       4.1	   1.54116
       4.2	   1.45886
       4.3	   1.37214
       4.4	   1.28101
       4.5	   1.18547
       4.6	    1.0879
       4.7	  0.990703
       4.8	  0.893881
       4.9	   0.79743
         5	  0.701352
       5.1	  0.607993
       5.2	  0.519702
       5.3	  0.436479
       5.4	  0.358323
       5.5	  0.285235
       5.6	  0.218943
       5.7	  0.161172
       5.8	  0.111925
       5.9	 0.0711992
         6	 0.0389964
       6.1	 0.0160003
       6.2	0.00289477
       6.3	-0.000320006
       6.4	0.00635593
       6.5	 0.0229226
       6.6	 0.0488532
       6.7	 0.0836212
       6.8	  0.127227
       6.9	  0.179669
         7	  0.240949
       7.1	  0.309458
       7.2	  0.383587
       7.3	  0.463336
       7.4	  0.548706
       7.5	  0.639696
       7.6	  0.734009
       7.7	   0.82935
       7.8	  0.925718
       7.9	   1.02311
         8	   1.12154
       8.1	   1.21856
       8.2	   1.31177
       8.3	   1.40116
       8.4	   1.48674
       8.5	    1.5685
       8.6	   1.64448
       8.7	   1.71274
       8.8	   1.77327
       8.9	   1.82607
         9	   1.87115
       9.1	   1.90749
       9.2	   1.93408
       9.3	   1.95093
       9.4	   1.95803
       9.5	   1.95539
       9.6	   1.94319
       9.7	    1.9216
       9.8	   1.89065
       9.9	   1.85031
        10	    1.8006
      10.1	   1.74284
      10.2	   1.67837
      10.3	   1.60718
      10.4	   1.52928
      10.5	   1.44467
      10.6	    1.3555
      10.7	   1.26392
      10.8	   1.16993
      10.9	   1.07354
        11	  0.974746
      11.1	  0.875993
      11.2	   0.77973
      11.3	  0.685958
      11.4	  0.594676
      11.5	  0.505886
      11.6	  0.421729
      11.7	   0.34435
      11.8	  0.273749
      11.9	  0.209925
        12	  0.152879
      12.1	  0.103925
      12.2	 0.0643748
      12.3	 0.0342301
      12.4	 0.0134904
      12.5	0.00215566
      12.6	0.000388359
      12.7	0.00835084
      12.8	 0.0260431
      12.9	 0.0534651
        13	 0.0906169
      13.1	   0.13647
      13.2	  0.189995
      13.3	  0.251193
      13.4	  0.320063
      13.5	  0.396605
      13.6	  0.478851
      13.7	  0.564835
      13.8	  0.654554
      13.9	   0.74801
        14	  0.845203
      14.1	  0.943706
      14.2	    1.0411
      14.3	   1.13737
      14.4	   1.23253
      14.5	   1.32658
      14.6	   1.41722
      14.7	   1.50217
      14.8	   1.58143
      14.9	     1.655
        15	   1.72287
      15.1	   1.78346
      15.2	   1.83518
      15.3	   1.87802
      15.4	   1.91198
      15.5	   1.93706
      15.6	   1.95277
      15.7	   1.95858
      15.8	   1.95451
      15.9	   1.94055
        16	    1.9167
      16.1	   1.88367
      16.2	   1.84217
      16.3	   1.79218
      16.4	   1.73372
      16.5	   1.66678
      16.6	   1.59311
      16.7	   1.51444
      16.8	   1.43078
      16.9	   1.34213
        17	   1.24849
      17.1	    1.1522
      17.2	   1.05564
      17.3	  0.958786
      17.4	  0.861651
      17.5	   0.76423
      17.6	  0.668914
      17.7	  0.578091
      17.8	   0.49176
      17.9	  0.409922
        18	  0.332577
      18.1	  0.261563
      18.2	   0.19872
      18.3	  0.144046
      18.4	 0.0975431
      18.5	 0.0592099
      18.6	 0.0298854
      18.7	 0.0104081
      18.8	0.000777946
      18.9	0.000994932
        19	 0.0110591
      19.1	 0.0306034
      19.2	  0.059261
      19.3	 0.0970319
      19.4	  0.143916
      19.5	  0.199913
      19.6	  0.263541
      19.7	  0.333318
      19.8	  0.409242
      19.9	  0.491314
        20	  0.579535
      20.1	  0.671668
      20.2	  0.765479
      20.3	  0.860968
      20.4	  0.958134
      20.5	   1.05698
      20.6	   1.15506
      20.7	   1.24994
      20.8	   1.34161
      20.9	   1.43008
        21	   1.51535
      21.1	   1.59537
      21.2	   1.66808
      21.3	   1.73349
      21.4	   1.79161
      21.5	   1.84242
      21.6	   1.88478
      21.7	   1.91753
      21.8	   1.94067
      21.9	    1.9542
        22	   1.95812
      22.1	   1.95245
      22.2	   1.93722
      22.3	   1.91242
      22.4	   1.87805
      22.5	   1.83411
      22.6	   1.78181
      22.7	   1.72232
      22.8	   1.65565
      22.9	    1.5818
        23	   1.50077
      23.1	   1.41462
      23.2	   1.32545
      23.3	   1.23323
      23.4	   1.13798
      23.5	   1.03969
      23.6	  0.940806
      23.7	  0.843773
      23.8	   0.74859
      23.9	  0.655257
        24	  0.563774
      24.1	  0.476359
      24.2	  0.395228
      24.3	  0.320381
      24.4	  0.251818
      24.5	   0.18954
      24.6	  0.134995
      24.7	 0.0896292
      24.8	 0.0534437
      24.9	 0.0264384
        25	0.00861315
      25.1	0.000292071
      25.2	 0.0017992
      25.3	 0.0131345
      25.4	 0.0342981
      25.5	 0.0652898
      25.6	  0.105231
      25.7	  0.153241
      25.8	  0.209322
      25.9	  0.273473
        26	  0.345694
      26.1	  0.424118
      26.2	  0.506878
      26.3	  0.593973
      26.4	  0.685405
      26.5	  0.781173
      26.6	  0.878879
      26.7	  0.976125
      26.8	   1.07291
      26.9	   1.16924
        27	   1.26511
      27.1	   1.35817
      27.2	    1.4461
      27.3	   1.52888
      27.4	   1.60652
      27.5	   1.67901
      27.6	   1.74465
      27.7	   1.80173
      27.8	   1.85023
      27.9	   1.89017
        28	   1.92155
      28.1	   1.94369
      28.2	   1.95594
      28.3	    1.9583
      28.4	   1.95076
      28.5	   1.93333
      28.6	   1.90656
      28.7	   1.87099
      28.8	   1.82662
      28.9	   1.77345
        29	   1.71149
      29.1	   1.64235
      29.2	   1.56766
      29.3	   1.48743
      29.4	   1.40165
      29.5	   1.31032
      29.6	   1.21575
      29.7	   1.12023
      29.8	   1.02378
      29.9	  0.926388
        30	  0.828055
      30.1	  0.731201
      30.2	  0.638245
      30.3	  0.549187
      30.4	  0.464027
      30.5	  0.382765
      30.6	  0.307343
      30.7	  0.239703
      30.8	  0.179845
      30.9	  0.127769
        31	  0.083474
      31.1	 0.0479504
      31.2	  0.022187
      31.3	0.00618379
      31.4	-5.91258e-05
      31.5	 0.0034582
      31.6	 0.0165302
      31.7	 0.0389512
      31.8	 0.0707212
      31.9	   0.11184
        32	  0.162308
      32.1	  0.220776
      32.2	  0.285892
      32.3	  0.357656
      32.4	   0.43607
      32.5	  0.521133
      32.6	   0.61068
      32.7	  0.702549
      32.8	  0.796738
      32.9	  0.893248
        33	  0.992078
      33.1	   1.09078
      33.2	   1.18691
      33.3	   1.28046
      33.4	   1.37144
      33.5	   1.45984
      33.6	   1.54353
      33.7	   1.62039
      33.8	    1.6904
      33.9	   1.75357
        34	    1.8099
      34.1	   1.85809
      34.2	   1.89685
      34.3	   1.92618
      34.4	   1.94607
      34.5	   1.95654
      34.6	   1.95743
      34.7	   1.94861
      34.8	   1.93008
      34.9	   1.90183
        35	   1.86387
      35.1	   1.81724
      35.2	     1.763
      35.3	   1.70114
      35.4	   1.63166
      35.5	   1.55457
      35.6	   1.47184
      35.7	   1.38545
      35.8	   1.29541
      35.9	   1.20172
        36	   1.10437
      36.1	   1.00579
      36.2	  0.908413
      36.3	  0.812238
      36.4	  0.717264
      36.5	  0.623492
      36.6	  0.533202
      36.7	  0.448676
      36.8	  0.369913
      36.9	  0.296914
        37	  0.229678
      37.1	  0.169782
      37.2	    0.1188
      37.3	 0.0767334
      37.4	 0.0435813
      37.5	  0.019344
      37.6	0.00450582
      37.7	-0.000449043
      37.8	0.00447945
      37.9	 0.0192913
        38	 0.0439865
      38.1	 0.0778394
      38.2	  0.120124
      38.3	  0.170842
      38.4	  0.229991
      38.5	  0.297572
      38.6	  0.371828
      38.7	     0.451
      38.8	  0.535089
      38.9	  0.624093
        39	  0.718015
      39.1	  0.814493
      39.2	  0.911168
      39.3	   1.00804
      39.4	   1.10511
      39.5	   1.20237
      39.6	   1.29745
      39.7	   1.38796
      39.8	    1.4739
      39.9	   1.55527
        40	   1.63206
      40.1	   1.70247
      40.2	   1.76465
      40.3	   1.81861
      40.4	   1.86436
      40.5	   1.90188
      40.6	   1.93037
      40.7	     1.949
      40.8	   1.95778
      40.9	    1.9567
        41	   1.94576
      41.1	   1.92536
      41.2	   1.89588
      41.3	   1.85732
      41.4	   1.80968
      41.5	   1.75297
      41.6	   1.68867
      41.7	    1.6183
      41.8	   1.54184
      41.9	   1.45931
        42	    1.3707
      42.1	   1.27825
      42.2	   1.18421
      42.3	   1.08858
      42.4	  0.991358
      42.5	  0.892545
      42.6	  0.794579
      42.7	    0.6999
      42.8	  0.608507
      42.9	    0.5204
        43	  0.435579
      43.1	  0.356081
      43.2	  0.283943
      43.3	  0.219163
      43.4	  0.161743
      43.5	  0.111682
      43.6	 0.0701154
      43.7	 0.0381794
      43.8	 0.0158737
      43.9	 0.0031984
        44	0.000153413
      44.1	0.00669544
      44.2	 0.0227811
      44.3	 0.0484105
      44.4	 0.0835835
      44.5	    0.1283
      44.6	  0.181349
      44.7	  0.241518
      44.8	  0.308807
      44.9	  0.383217
        45	  0.464747
      45.1	  0.551315
      45.2	  0.640836
      45.3	   0.73331
      45.4	  0.828739
      45.5	  0.927121
      45.6	   1.02601
      45.7	   1.12297
      45.8	   1.21799
      45.9	   1.31107
        46	   1.40222
      46.1	   1.48922
      46.2	   1.56987
      46.3	   1.64417
      46.4	   1.71212
      46.5	   1.77371
      46.6	   1.82753
      46.7	   1.87213
      46.8	   1.90751
      46.9	   1.93369
        47	   1.95065
      47.1	    1.9581
      47.2	   1.95573
      47.3	   1.94355
      47.4	   1.92154
      47.5	   1.88972
      47.6	   1.84898
      47.7	   1.80022
      47.8	   1.74344
      47.9	   1.67865
        48	   1.60583
      48.1	   1.52688
      48.2	   1.44367
      48.3	    1.3562
      48.4	   1.26447
      48.5	   1.16849
      48.6	   1.07065
      48.7	  0.973363
      48.8	   0.87662
      48.9	  0.780424
        49	  0.684775
      49.1	  0.592009
      49.2	   0.50446
      49.3	  0.422128
      49.4	  0.345013
      49.5	  0.273116
