         0          0
       0.1  0.0958851
       0.2    0.19177
       0.3   0.287655
       0.4    0.38354
       0.5   0.479426
       0.6   0.551835
       0.7   0.624244
       0.8   0.696653
       0.9   0.769062
         1   0.841471
       1.1   0.872676
       1.2   0.903881
       1.3   0.935085
       1.4    0.96629
       1.5   0.997495
       1.6   0.979855
       1.7   0.962216
       1.8   0.944576
       1.9   0.926937
         2   0.909297
       2.1   0.847132
       2.2   0.784967
       2.3   0.722802
       2.4   0.660637
       2.5   0.598472
       2.6   0.507002
       2.7   0.415531
       2.8   0.324061
       2.9    0.23259
         3    0.14112
       3.1  0.0427394
       3.2 -0.0556413
       3.3  -0.154022
       3.4  -0.252403
       3.5  -0.350783
       3.6  -0.431987
       3.7  -0.513191
       3.8  -0.594395
       3.9  -0.675599
         4  -0.756802
       4.1  -0.800948
       4.2  -0.845094
       4.3  -0.889239
       4.4  -0.933385
       4.5   -0.97753
       4.6  -0.973809
       4.7  -0.970088
       4.8  -0.966367
       4.9  -0.962645
         5  -0.958924
       5.1  -0.908247
       5.2  -0.857571
       5.3  -0.806894
       5.4  -0.756217
       5.5   -0.70554
       5.6  -0.620315
       5.7   -0.53509
       5.8  -0.449865
       5.9   -0.36464
         6  -0.279415
       6.1  -0.180508
       6.2 -0.0816013
       6.3  0.0173058
       6.4   0.116213
       6.5    0.21512
       6.6   0.303493
       6.7   0.391867
       6.8    0.48024
       6.9   0.568613
         7   0.656987
       7.1   0.713189
       7.2   0.769392
       7.3   0.825595
       7.4   0.881797
       7.5      0.938
       7.6   0.948272
       7.7   0.958543
       7.8   0.968815
       7.9   0.979087
         8   0.989358
       8.1   0.951184
       8.2    0.91301
       8.3   0.874836
       8.4   0.836661
       8.5   0.798487
       8.6   0.721213
       8.7    0.64394
       8.8   0.566666
       8.9   0.489392
         9   0.412118
       9.1   0.314665
       9.2   0.217211
       9.3   0.119757
       9.4  0.0223028
       9.5 -0.0751511
       9.6  -0.168925
       9.7  -0.262699
       9.8  -0.356473
       9.9  -0.450247
        10  -0.544021
      10.1  -0.611156
      10.2  -0.678291
      10.3  -0.745426
      10.4  -0.812561
      10.5  -0.879696
      10.6  -0.903755
      10.7  -0.927814
      10.8  -0.951872
      10.9  -0.975931
        11   -0.99999
      11.1  -0.975083
      11.2  -0.950175
      11.3  -0.925267
      11.4   -0.90036
      11.5  -0.875452
      11.6  -0.807676
      11.7    -0.7399
      11.8  -0.672125
      11.9  -0.604349
        12  -0.536573
      12.1  -0.442523
      12.2  -0.348473
      12.3  -0.254422
      12.4  -0.160372
      12.5 -0.0663219
      12.6  0.0309759
      12.7   0.128274
      12.8   0.225571
      12.9   0.322869
        13   0.420167
      13.1   0.496891
      13.2   0.573614
      13.3   0.650337
      13.4   0.727061
      13.5   0.803784
      13.6   0.841149
      13.7   0.878514
      13.8   0.915878
      13.9   0.953243
        14   0.990607
      14.1   0.979465
      14.2   0.968322
      14.3    0.95718
      14.4   0.946038
      14.5   0.934895
      14.6   0.877974
      14.7   0.821052
      14.8   0.764131
      14.9   0.707209
        15   0.650288
      15.1   0.561524
      15.2    0.47276
      15.3   0.383996
      15.4   0.295232
      15.5   0.206467
      15.6   0.107593
      15.7 0.00871916
      15.8  -0.090155
      15.9  -0.189029
        16  -0.287903
      16.1   -0.37268
      16.2  -0.457456
      16.3  -0.542233
      16.4  -0.627009
      16.5  -0.711785
      16.6  -0.761708
      16.7   -0.81163
      16.8  -0.861553
      16.9  -0.911475
        17  -0.961397
      17.1  -0.964243
      17.2  -0.967089
      17.3  -0.969935
      17.4   -0.97278
      17.5  -0.975626
      17.6  -0.930698
      17.7  -0.885771
      17.8  -0.840843
      17.9  -0.795915
        18  -0.750987
      18.1  -0.669286
      18.2  -0.587585
      18.3  -0.505883
      18.4  -0.424182
      18.5  -0.342481
      18.6  -0.244009
      18.7  -0.145537
      18.8 -0.0470659
      18.9  0.0514056
        19   0.149877
      19.1    0.24101
      19.2   0.332142
      19.3   0.423275
      19.4   0.514407
      19.5    0.60554
      19.6   0.667021
      19.7   0.728502
      19.8   0.789983
      19.9   0.851464
        20   0.912945
      20.1   0.929722
      20.2   0.946499
      20.3   0.963276
      20.4   0.980053
      20.5    0.99683
      20.6   0.964795
      20.7    0.93276
      20.8   0.900725
      20.9    0.86869
        21   0.836656
      21.1   0.763652
      21.2   0.690649
      21.3   0.617646
      21.4   0.544642
      21.5   0.471639
      21.6   0.375541
      21.7   0.279443
      21.8   0.183345
      21.9  0.0872468
        22 -0.00885131
      22.1  -0.104516
      22.2  -0.200181
      22.3  -0.295845
      22.4   -0.39151
      22.5  -0.487175
      22.6  -0.558984
      22.7  -0.630793
      22.8  -0.702602
      22.9  -0.774411
        23   -0.84622
      23.1  -0.876593
      23.2  -0.906965
      23.3  -0.937337
      23.4   -0.96771
      23.5  -0.998082
      23.6  -0.979581
      23.7  -0.961081
      23.8   -0.94258
      23.9  -0.924079
        24  -0.905578
      24.1  -0.842734
      24.2   -0.77989
      24.3  -0.717046
      24.4  -0.654202
      24.5  -0.591358
      24.6  -0.499556
      24.7  -0.407755
      24.8  -0.315954
      24.9  -0.224153
        25  -0.132352
      25.1 -0.0340697
      25.2  0.0642123
      25.3   0.162494
      25.4   0.260776
      25.5   0.359058
      25.6   0.439758
      25.7   0.520458
      25.8   0.601158
      25.9   0.681858
        26   0.762558
      26.1   0.805918
      26.2   0.849278
      26.3   0.892638
      26.4   0.935998
      26.5   0.979358
      26.6   0.974761
      26.7   0.970165
      26.8   0.965569
      26.9   0.960972
        27   0.956376
      27.1   0.904949
      27.2   0.853522
      27.3   0.802094
      27.4   0.750667
      27.5    0.69924
      27.6   0.613573
      27.7   0.527906
      27.8   0.442239
      27.9   0.356573
        28   0.270906
      28.1   0.171974
      28.2  0.0730412
      28.3 -0.0258911
      28.4  -0.124823
      28.5  -0.223756
      28.6  -0.311731
      28.7  -0.399707
      28.8  -0.487683
      28.9  -0.575658
        29  -0.663634
      29.1  -0.719113
      29.2  -0.774593
      29.3  -0.830072
      29.4  -0.885552
      29.5  -0.941031
      29.6  -0.950431
      29.7  -0.959831
      29.8  -0.969232
      29.9  -0.978632
        30  -0.988032
      30.1  -0.949051
      30.2   -0.91007
      30.3  -0.871089
      30.4  -0.832108
      30.5  -0.793127
      30.6  -0.715309
      30.7  -0.637491
      30.8  -0.559673
      30.9  -0.481856
        31  -0.404038
      31.1  -0.306435
      31.2  -0.208833
      31.3   -0.11123
      31.4  -0.013628
      31.5  0.0839745
      31.6   0.177465
      31.7   0.270955
      31.8   0.364446
      31.9   0.457936
        32   0.551427
      32.1   0.617915
      32.2   0.684404
      32.3   0.750893
      32.4   0.817382
      32.5    0.88387
      32.6   0.907079
      32.7   0.930287
      32.8   0.953495
      32.9   0.976704
        33   0.999912
      33.1   0.974157
      33.2   0.948403
      33.3   0.922649
      33.4   0.896894
      33.5    0.87114
      33.6   0.802729
      33.7   0.734317
      33.8   0.665906
      33.9   0.597494
        34   0.529083
      34.1   0.434764
      34.2   0.340445
      34.3   0.246126
      34.4   0.151807
      34.5  0.0574875
      34.6 -0.0396466
      34.7  -0.136781
      34.8  -0.233915
      34.9  -0.331049
        35  -0.428183
      35.1   -0.50435
      35.2  -0.580517
      35.3  -0.656684
      35.4  -0.732852
      35.5  -0.809019
      35.6  -0.845571
      35.7  -0.882123
      35.8  -0.918675
      35.9  -0.955227
        36  -0.991779
      36.1  -0.979766
      36.2  -0.967754
      36.3  -0.955742
      36.4  -0.943729
      36.5  -0.931717
      36.6  -0.874081
      36.7  -0.816445
      36.8   -0.75881
      36.9  -0.701174
        37  -0.643538
      37.1   -0.55439
      37.2  -0.465242
      37.3  -0.376095
      37.4  -0.286947
      37.5  -0.197799
      37.6 -0.0989653
      37.7 -0.000131848
      37.8  0.0987016
      37.9   0.197535
        38   0.296369
      38.1    0.38069
      38.2   0.465011
      38.3   0.549332
      38.4   0.633653
      38.5   0.717975
      38.6   0.767139
      38.7   0.816303
      38.8   0.865467
      38.9   0.914631
        39   0.963795
      39.1   0.965765
      39.2   0.967735
      39.3   0.969705
      39.4   0.971675
      39.5   0.973645
      39.6   0.927939
      39.7   0.882233
      39.8   0.836526
      39.9    0.79082
        40   0.745113
      40.1   0.662921
      40.2   0.580728
      40.3   0.498536
      40.4   0.416344
      40.5   0.334151
      40.6   0.235596
      40.7   0.137042
      40.8  0.0384869
      40.9 -0.0600679
        41  -0.158623
      41.1   -0.24941
      41.2  -0.340198
      41.3  -0.430985
      41.4  -0.521773
      41.5   -0.61256
      41.6  -0.673352
      41.7  -0.734145
      41.8  -0.794937
      41.9  -0.855729
        42  -0.916522
      42.1  -0.932435
      42.2  -0.948348
      42.3  -0.964261
      42.4  -0.980174
      42.5  -0.996087
      42.6  -0.963224
      42.7  -0.930362
      42.8  -0.897499
      42.9  -0.864637
        43  -0.831775
      43.1  -0.758183
      43.2  -0.684591
      43.3  -0.610999
      43.4  -0.537407
      43.5  -0.463816
      43.6  -0.367512
      43.7  -0.271209
      43.8  -0.174905
      43.9 -0.0786016
        44  0.0177019
      44.1   0.113139
      44.2   0.208575
      44.3   0.304012
      44.4   0.399449
      44.5   0.494885
      44.6   0.566089
      44.7   0.637293
      44.8   0.708496
      44.9     0.7797
        45   0.850904
      45.1   0.880441
      45.2   0.909978
      45.3   0.939516
      45.4   0.969053
      45.5   0.998591
      45.6    0.97923
      45.7    0.95987
      45.8   0.940509
      45.9   0.921149
        46   0.901788
      46.1    0.83827
      46.2   0.774752
      46.3   0.711233
      46.4   0.647715
      46.5   0.584197
      46.6   0.492072
      46.7   0.399947
      46.8   0.307823
      46.9   0.215698
        47   0.123573
      47.1  0.0253974
      47.2 -0.0727783
      47.3  -0.170954
      47.4   -0.26913
      47.5  -0.367305
      47.6  -0.447495
      47.7  -0.527685
      47.8  -0.607875
      47.9  -0.688065
        48  -0.768255
      48.1  -0.810825
      48.2  -0.853396
      48.3  -0.895967
      48.4  -0.938538
      48.5  -0.981108
      48.6  -0.975637
      48.7  -0.970166
      48.8  -0.964695
      48.9  -0.959224
        49  -0.953753
      49.1  -0.901579
      49.2  -0.849406
      49.3  -0.797232
      49.4  -0.745058
