         0          0 
       0.1 0.00479426 
       0.2   0.019177 
       0.3  0.0431483 
       0.4  0.0767081 
       0.5   0.119856 
       0.6   0.171419 
       0.7   0.230223 
       0.8   0.296268 
       0.9   0.369554 
         1   0.450081 
       1.1   0.535788 
       1.2   0.624616 
       1.3   0.716564 
       1.4   0.811633 
       1.5   0.909822 
       1.6    1.00869 
       1.7    1.10579 
       1.8    1.20113 
       1.9    1.29471 
         2    1.38652 
       2.1    1.47434 
       2.2    1.55595 
       2.3    1.63134 
       2.4    1.70051 
       2.5    1.76346 
       2.6    1.81874 
       2.7    1.86486 
       2.8    1.90184 
       2.9    1.92968 
         3    1.94836 
       3.1    1.95755 
       3.2    1.95691 
       3.3    1.94643 
       3.4     1.9261 
       3.5    1.89594 
       3.6    1.85681 
       3.7    1.80955 
       3.8    1.75417 
       3.9    1.69067 
         4    1.61905 
       4.1    1.54116 
       4.2    1.45886 
       4.3    1.37214 
       4.4    1.28101 
       4.5    1.18547 
       4.6     1.0879 
       4.7   0.990703 
       4.8   0.893881 
       4.9    0.79743 
         5   0.701352 
       5.1   0.607993 
       5.2   0.519702 
       5.3   0.436479 
       5.4   0.358323 
       5.5   0.285235 
       5.6   0.218943 
       5.7   0.161172 
       5.8   0.111925 
       5.9  0.0711992 
         6  0.0389964 
       6.1  0.0160003 
       6.2 0.00289477 
       6.3 -0.000320006 
       6.4 0.00635593 
       6.5  0.0229226 
       6.6  0.0488532 
       6.7  0.0836212 
       6.8   0.127227 
       6.9   0.179669 
         7   0.240949 
       7.1   0.309458 
       7.2   0.383587 
       7.3   0.463336 
       7.4   0.548706 
       7.5   0.639696 
       7.6   0.734009 
       7.7    0.82935 
       7.8   0.925718 
       7.9    1.02311 
         8    1.12154 
       8.1    1.21856 
       8.2    1.31177 
       8.3    1.40116 
       8.4    1.48674 
       8.5     1.5685 
       8.6    1.64448 
       8.7    1.71274 
       8.8    1.77327 
       8.9    1.82607 
         9    1.87115 
       9.1    1.90749 
       9.2    1.93408 
       9.3    1.95093 
       9.4    1.95803 
