         0          0 
       0.1 0.00499583 
       0.2  0.0199334 
       0.3  0.0446635 
       0.4   0.078939 
       0.5   0.122417 
       0.6   0.174664 
       0.7   0.235158 
       0.8   0.303293 
       0.9    0.37839 
         1   0.459698 
       1.1   0.546404 
       1.2   0.637642 
       1.3   0.732501 
       1.4   0.830033 
       1.5   0.929263 
       1.6     1.0292 
       1.7    1.12884 
       1.8     1.2272 
       1.9    1.32329 
         2    1.41615 
       2.1    1.50485 
       2.2     1.5885 
       2.3    1.66628 
       2.4    1.73739 
       2.5    1.80114 
       2.6    1.85689 
       2.7    1.90407 
       2.8    1.94222 
       2.9    1.97096 
         3    1.98999 
       3.1    1.99914 
       3.2    1.99829 
       3.3    1.98748 
       3.4     1.9668 
       3.5    1.93646 
       3.6    1.89676 
       3.7     1.8481 
       3.8    1.79097 
       3.9    1.72593 
         4    1.65364 
       4.1    1.57482 
       4.2    1.49026 
       4.3     1.4008 
       4.4    1.30733 
       4.5     1.2108 
       4.6    1.11215 
       4.7    1.01239 
       4.8   0.912501 
       4.9   0.813488 
         5   0.716338 
       5.1   0.622022 
       5.2   0.531483 
       5.3   0.445626 
       5.4   0.365307 
       5.5    0.29133 
       5.6   0.224434 
       5.7   0.165287 
       5.8    0.11448 
       5.9  0.0725216 
         6  0.0398297 
       6.1  0.0167316 
       6.2  0.0034579 
       6.3 0.000141363 
       6.4 0.00681508 
       6.5  0.0234124 
       6.6  0.0497674 
       6.7  0.0856169 
       6.8   0.130603 
       6.9   0.184275 
         7   0.246098 
       7.1   0.315453 
       7.2   0.391649 
       7.3   0.473922 
       7.4   0.561453 
       7.5   0.653365 
       7.6    0.74874 
       7.7   0.846626 
       7.8   0.946045 
       7.9      1.046 
         8     1.1455 
       8.1    1.24354 
       8.2    1.33915 
       8.3    1.43138 
       8.4    1.51929 
       8.5    1.60201 
       8.6    1.67872 
       8.7    1.74865 
       8.8    1.81109 
       8.9    1.86544 
         9    1.91113 
       9.1    1.94772 
       9.2    1.97484 
       9.3    1.99223 
       9.4    1.99969 
