         0	         0
       0.1	0.00420735
       0.2	 0.0168294
       0.3	 0.0378662
       0.4	 0.0673177
       0.5	  0.105184
       0.6	  0.151465
       0.7	   0.20616
       0.8	  0.269271
       0.9	  0.340796
         1	  0.420735
       1.1	  0.505222
       1.2	  0.590386
       1.3	  0.676229
       1.4	   0.76275
       1.5	  0.849949
       1.6	  0.937827
       1.7	   1.02638
       1.8	   1.11562
       1.9	   1.20553
         2	   1.29612
       2.1	   1.38321
       2.2	   1.46262
       2.3	   1.53434
       2.4	   1.59838
       2.5	   1.65475
       2.6	   1.70343
       2.7	   1.74442
       2.8	   1.77774
       2.9	   1.80338
         3	   1.82133
       3.1	   1.83095
       3.2	   1.83159
       3.3	   1.82326
       3.4	   1.80594
       3.5	   1.77965
       3.6	   1.74437
       3.7	   1.70012
       3.8	   1.64689
       3.9	   1.58468
         4	   1.51349
       4.1	    1.4368
       4.2	   1.35808
       4.3	   1.27735
       4.4	    1.1946
       4.5	   1.10982
       4.6	   1.02302
       4.7	  0.934206
       4.8	  0.843366
       4.9	  0.750506
         5	  0.655624
       5.1	  0.563129
       5.2	  0.477429
       5.3	  0.398524
       5.4	  0.326415
       5.5	    0.2611
       5.6	  0.202581
       5.7	  0.150856
       5.8	  0.105927
       5.9	  0.067793
         6	 0.0364539
       6.1	 0.0131944
       6.2	-0.000701157
       6.3	-0.00523265
       6.4	-0.000400131
       6.5	 0.0137964
       6.6	  0.037357
       6.7	 0.0702816
       6.8	   0.11257
       6.9	  0.164223
         7	  0.225239
       7.1	    0.2926
       7.2	  0.363284
       7.3	  0.437292
       7.4	  0.514624
       7.5	  0.595279
       7.6	  0.679258
       7.7	  0.766561
       7.8	  0.857188
       7.9	  0.951138
         8	   1.04841
       8.1	   1.14446
       8.2	   1.23474
       8.3	   1.31924
       8.4	   1.39798
       8.5	   1.47094
       8.6	   1.53812
       8.7	   1.59954
       8.8	   1.65518
       8.9	   1.70505
         9	   1.74915
       9.1	   1.78558
       9.2	   1.81245
       9.3	   1.82976
       9.4	   1.83751
       9.5	   1.83569
       9.6	   1.82432
       9.7	   1.80338
       9.8	   1.77288
       9.9	   1.73282
        10	    1.6832
      10.1	   1.62652
      10.2	   1.56528
      10.3	   1.49947
      10.4	   1.42911
      10.5	   1.35419
      10.6	   1.27471
      10.7	   1.19067
      10.8	   1.10207
      10.9	   1.00891
        11	  0.911193
      11.1	  0.813511
      11.2	  0.720464
      11.3	   0.63205
      11.4	  0.548271
      11.5	  0.469125
      11.6	  0.394614
      11.7	  0.324737
      11.8	  0.259495
      11.9	  0.198886
        12	  0.142912
      12.1	 0.0940381
      12.2	 0.0547319
      12.3	 0.0249931
      12.4	0.00482173
      12.5	-0.00578226
      12.6	-0.00681885
      12.7	0.00171195
      12.8	 0.0198102
      12.9	 0.0474758
        13	 0.0847088
      13.1	  0.129578
      13.2	  0.180151
      13.3	  0.236429
      13.4	  0.298411
      13.5	  0.366097
      13.6	  0.439488
      13.7	  0.518584
      13.8	  0.603383
      13.9	  0.693887
        14	  0.790096
      14.1	  0.887455
      14.2	  0.981411
      14.3	   1.07196
      14.4	   1.15911
      14.5	   1.24286
      14.6	    1.3232
      14.7	   1.40014
      14.8	   1.47368
      14.9	   1.54381
        15	   1.61054
      15.1	   1.67088
      15.2	   1.72184
      15.3	   1.76341
      15.4	    1.7956
      15.5	   1.81841
      15.6	   1.83184
      15.7	   1.83589
      15.8	   1.83055
      15.9	   1.81584
        16	   1.79174
      16.1	   1.75958
      16.2	   1.72069
      16.3	   1.67506
      16.4	   1.62269
      16.5	    1.5636
      16.6	   1.49776
      16.7	    1.4252
      16.8	    1.3459
      16.9	   1.25986
        17	   1.16709
      17.1	     1.072
      17.2	  0.979014
      17.3	  0.888135
      17.4	  0.799359
      17.5	  0.712688
      17.6	  0.628121
      17.7	  0.545658
      17.8	  0.465299
      17.9	  0.387044
        18	  0.310893
      18.1	  0.240299
      18.2	  0.178713
      18.3	  0.126136
      18.4	 0.0825673
      18.5	 0.0480075
      18.6	 0.0224563
      18.7	0.00591377
      18.8	-0.00162012
      18.9	-0.00014537
        19	  0.010338
      19.1	 0.0291411
      19.2	 0.0555748
      19.3	 0.0896393
      19.4	  0.131334
      19.5	   0.18066
      19.6	  0.237617
      19.7	  0.302204
      19.8	  0.374422
      19.9	   0.45427
        20	  0.541749
      20.1	  0.632662
      20.2	  0.722813
      20.3	    0.8122
      20.4	  0.900824
      20.5	  0.988686
      20.6	   1.07578
      20.7	   1.16212
      20.8	   1.24769
      20.9	    1.3325
        21	   1.41655
      21.1	   1.49599
      21.2	   1.56697
      21.3	    1.6295
      21.4	   1.68357
      21.5	   1.72919
      21.6	   1.76635
      21.7	   1.79506
      21.8	   1.81531
      21.9	   1.82711
        22	   1.83045
      22.1	   1.82538
      22.2	   1.81193
      22.3	   1.79011
      22.4	   1.75992
      22.5	   1.72136
      22.6	   1.67441
      22.7	    1.6191
      22.8	   1.55541
      22.9	   1.48335
        23	   1.40292
      23.1	     1.318
      23.2	   1.23248
      23.3	   1.14638
      23.4	   1.05968
      23.5	  0.972386
      23.6	  0.884499
      23.7	  0.796019
      23.8	  0.706945
      23.9	  0.617278
        24	  0.527017
      24.1	  0.440325
      24.2	  0.361365
      24.3	  0.290138
      24.4	  0.226643
      24.5	  0.170881
      24.6	   0.12285
      24.7	 0.0825523
      24.8	 0.0499865
      24.9	 0.0251529
        25	0.00805157
      25.1	-0.000709052
      25.2	-0.000520574
      25.3	0.00861701
      25.4	 0.0267037
      25.5	 0.0537395
      25.6	 0.0897244
      25.7	  0.134658
      25.8	  0.188541
      25.9	  0.251374
        26	  0.323155
      26.1	   0.40038
      26.2	  0.479543
      26.3	  0.560644
      26.4	  0.643684
      26.5	  0.728661
      26.6	  0.815577
      26.7	  0.904431
      26.8	  0.995223
      26.9	   1.08795
        27	   1.18262
      27.1	   1.27483
      27.2	   1.36019
      27.3	   1.43869
      27.4	   1.51033
      27.5	   1.57513
      27.6	   1.63306
      27.7	   1.68415
      27.8	   1.72837
      27.9	   1.76575
        28	   1.79626
      28.1	   1.81868
      28.2	   1.83175
      28.3	   1.83548
      28.4	   1.82986
      28.5	    1.8149
      28.6	   1.79059
      28.7	   1.75693
      28.8	   1.71393
      28.9	   1.66159
        29	    1.5999
      29.1	   1.53191
      29.2	   1.46068
      29.3	   1.38621
      29.4	   1.30849
      29.5	   1.22753
      29.6	   1.14333
      29.7	   1.05588
      29.8	  0.965185
      29.9	  0.871247
        30	  0.774066
      30.1	  0.678183
      30.2	   0.58814
      30.3	  0.503936
      30.4	  0.425573
      30.5	   0.35305
      30.6	  0.286366
      30.7	  0.225523
      30.8	  0.170519
      30.9	  0.121355
        31	 0.0780315
      31.1	 0.0424051
      31.2	 0.0163333
      31.3	-0.000183865
      31.4	-0.00714638
      31.5	-0.00455425
      31.6	0.00759253
      31.7	 0.0292939
      31.8	   0.06055
      31.9	  0.101361
        32	  0.151726
      32.1	  0.209111
      32.2	  0.270981
      32.3	  0.337336
      32.4	  0.408176
      32.5	    0.4835
      32.6	  0.563309
      32.7	  0.647604
      32.8	  0.736383
      32.9	  0.829647
        33	  0.927395
      33.1	   1.02503
      33.2	   1.11796
      33.3	   1.20618
      33.4	   1.28969
      33.5	    1.3685
      33.6	   1.44259
      33.7	   1.51198
      33.8	   1.57666
      33.9	   1.63663
        34	   1.69189
      34.1	   1.74001
      34.2	   1.77856
      34.3	   1.80754
      34.4	   1.82694
      34.5	   1.83678
      34.6	   1.83703
      34.7	   1.82772
      34.8	   1.80883
      34.9	   1.78037
        35	   1.74234
      35.1	   1.69671
      35.2	   1.64543
      35.3	   1.58853
      35.4	   1.52598
      35.5	    1.4578
      35.6	   1.38399
      35.7	   1.30453
      35.8	   1.21945
      35.9	   1.12872
        36	   1.03236
      36.1	  0.934925
      36.2	  0.840971
      36.3	  0.750499
      36.4	   0.66351
      36.5	  0.580003
      36.6	  0.499978
      36.7	  0.423436
      36.8	  0.350376
      36.9	  0.280798
        37	  0.214703
      37.1	  0.155049
      37.2	  0.104794
      37.3	 0.0639377
      37.4	 0.0324806
      37.5	 0.0104226
      37.6	-0.00223632
      37.7	-0.0054962
      37.8	0.00064299
      37.9	 0.0161812
        38	 0.0411186
      38.1	 0.0740926
      38.2	  0.113741
      38.3	  0.160063
      38.4	   0.21306
      38.5	  0.272731
      38.6	  0.339077
      38.7	  0.412096
      38.8	   0.49179
      38.9	  0.578158
        39	  0.671201
      39.1	  0.766487
      39.2	  0.859586
      39.3	  0.950498
      39.4	   1.03922
      39.5	   1.12576
      39.6	   1.21011
      39.7	   1.29228
      39.8	   1.37226
      39.9	   1.45005
        40	   1.52565
      40.1	   1.59565
      40.2	    1.6566
      40.3	   1.70852
      40.4	    1.7514
      40.5	   1.78524
      40.6	   1.81005
      40.7	   1.82582
      40.8	   1.83255
      40.9	   1.83024
        41	    1.8189
      41.1	   1.79925
      41.2	   1.77202
      41.3	   1.73721
      41.4	   1.69482
      41.5	   1.64485
      41.6	    1.5873
      41.7	   1.52218
      41.8	   1.44947
      41.9	   1.36919
        42	   1.28133
      42.1	    1.1901
      42.2	   1.09972
      42.3	   1.01019
      42.4	  0.921499
      42.5	  0.833661
      42.6	  0.746669
      42.7	  0.660526
      42.8	   0.57523
      42.9	  0.490781
        43	   0.40718
      43.1	   0.32825
      43.2	  0.257814
      43.3	  0.195874
      43.4	  0.142428
      43.5	  0.097477
      43.6	 0.0610208
      43.7	 0.0330593
      43.8	 0.0135926
      43.9	 0.0026206
        44	0.000143411
      44.1	0.00607961
      44.2	 0.0203478
      44.3	 0.0429481
      44.4	 0.0738803
      44.5	  0.113145
      44.6	  0.160741
      44.7	  0.216669
      44.8	  0.280929
      44.9	  0.353522
        45	  0.434446
      45.1	  0.519791
      45.2	  0.605645
      45.3	  0.692007
      45.4	  0.778878
      45.5	  0.866259
      45.6	  0.954148
      45.7	   1.04255
      45.8	   1.13145
      45.9	   1.22087
        46	   1.31079
      46.1	   1.39708
      46.2	   1.47559
      46.3	   1.54631
      46.4	   1.60925
      46.5	   1.66441
      46.6	   1.71179
      46.7	   1.75138
      46.8	   1.78319
      46.9	   1.80722
        47	   1.82347
      47.1	   1.83137
      47.2	   1.83035
      47.3	   1.82041
      47.4	   1.80156
      47.5	   1.77378
      47.6	   1.73709
      47.7	   1.69148
      47.8	   1.63695
      47.9	    1.5735
        48	   1.50113
      48.1	   1.42338
      48.2	   1.34377
      48.3	   1.26231
      48.4	   1.17899
      48.5	   1.09382
      48.6	   1.00679
      48.7	  0.917907
      48.8	  0.827169
      48.9	  0.734576
        49	  0.640128
