         0          0 
       0.5   0.479426 
         1   0.841471 
       1.5   0.997495 
         2   0.909297 
       2.5   0.598472 
         3    0.14112 
       3.5  -0.350783 
         4  -0.756802 
       4.5   -0.97753 
         5  -0.958924 
       5.5   -0.70554 
         6  -0.279415 
       6.5    0.21512 
         7   0.656987 
       7.5      0.938 
         8   0.989358 
       8.5   0.798487 
         9   0.412118 
       9.5 -0.0751511 
        10  -0.544021 
      10.5  -0.879696 
        11   -0.99999 
      11.5  -0.875452 
        12  -0.536573 
      12.5 -0.0663219 
        13   0.420167 
      13.5   0.803784 
        14   0.990607 
      14.5   0.934895 
        15   0.650288 
      15.5   0.206467 
        16  -0.287903 
      16.5  -0.711785 
        17  -0.961397 
      17.5  -0.975626 
        18  -0.750987 
      18.5  -0.342481 
        19   0.149877 
      19.5    0.60554 
        20   0.912945 
      20.5    0.99683 
        21   0.836656 
      21.5   0.471639 
        22 -0.00885131 
      22.5  -0.487175 
        23   -0.84622 
      23.5  -0.998082 
        24  -0.905578 
      24.5  -0.591358 
        25  -0.132352 
      25.5   0.359058 
        26   0.762558 
      26.5   0.979358 
        27   0.956376 
      27.5    0.69924 
        28   0.270906 
      28.5  -0.223756 
        29  -0.663634 
      29.5  -0.941031 
        30  -0.988032 
      30.5  -0.793127 
        31  -0.404038 
      31.5  0.0839745 
        32   0.551427 
      32.5    0.88387 
        33   0.999912 
      33.5    0.87114 
        34   0.529083 
      34.5  0.0574875 
        35  -0.428183 
      35.5  -0.809019 
        36  -0.991779 
      36.5  -0.931717 
        37  -0.643538 
      37.5  -0.197799 
        38   0.296369 
      38.5   0.717975 
        39   0.963795 
      39.5   0.973645 
        40   0.745113 
      40.5   0.334151 
        41  -0.158623 
      41.5   -0.61256 
        42  -0.916522 
      42.5  -0.996087 
        43  -0.831775 
      43.5  -0.463816 
        44  0.0177019 
      44.5   0.494885 
        45   0.850904 
      45.5   0.998591 
        46   0.901788 
      46.5   0.584197 
        47   0.123573 
      47.5  -0.367305 
        48  -0.768255 
      48.5  -0.981108 
        49  -0.953753 
      49.5  -0.692885 
