         0          0
       0.1  0.0048345
       0.2  0.0193132
       0.3  0.0433991
       0.4  0.0770548
       0.5   0.120243
       0.6   0.172783
       0.7   0.233917
       0.8   0.302743
       0.9   0.378359
         1   0.459862
       1.1   0.546378
       1.2   0.637134
       1.3   0.731383
       1.4    0.82838
       1.5   0.927377
       1.6    1.02755
       1.7    1.12778
       1.8    1.22684
       1.9    1.32353
         2    1.41665
       2.1     1.5051
       2.2    1.58818
       2.3    1.66534
       2.4    1.73599
       2.5    1.79957
       2.6    1.85549
       2.7    1.90317
       2.8    1.94199
       2.9    1.97137
         3     1.9907
       3.1    1.99955
       3.2    1.99807
       3.3    1.98659
       3.4    1.96544
       3.5    1.93493
       3.6     1.8954
       3.7     1.8472
       3.8    1.79069
       3.9    1.72625
         4    1.65424
       4.1    1.57514
       4.2    1.48995
       4.3    1.39979
       4.4    1.30577
       4.5    1.20901
       4.6    1.11058
       4.7    1.01133
       4.8   0.912046
       4.9   0.813536
         5   0.716594
       5.1   0.622064
       5.2   0.530981
       5.3   0.444424
       5.4   0.363476
       5.5   0.289217
       5.6   0.222598
       5.7    0.16405
       5.8   0.113875
       5.9  0.0723727
         6   0.039844
       6.1  0.0165808
       6.2 0.00283864
       6.3 -0.00113603
       6.4 0.00490325
       6.5  0.0212029
       6.6   0.047857
       6.7  0.0843502
       6.8   0.130015
       6.9   0.184182
         7   0.246186
       7.1   0.315365
       7.2   0.391093
       7.3   0.472751
       7.4    0.55972
       7.5   0.651381
       7.6   0.747014
       7.7   0.845502
       7.8   0.945626
       7.9    1.04617
         8    1.14591
       8.1    1.24372
       8.2    1.33879
       8.3     1.4304
       8.4    1.51783
       8.5    1.60037
       8.6    1.67727
       8.7    1.74771
       8.8    1.81084
       8.9    1.86582
         9    1.91181
       9.1    1.94811
       9.2    1.97461
       9.3    1.99134
       9.4    1.99835
       9.5    1.99567
