         0    2.70156          1     4.2085         -0          0          0
     0.125    3.20516   0.992198    3.83886  -0.124675   0.369641   0.124675
      0.25    3.65875   0.968912    3.40932  -0.247404   0.799182   0.247404
     0.375    4.05525   0.930508    2.92658  -0.366273    1.28192   0.366273
       0.5    4.38847   0.877583    2.39818  -0.479426    1.81033   0.479426
     0.625    4.65321   0.810963    1.83235  -0.585097    2.37615   0.585097
      0.75    4.84535   0.731689    1.23793  -0.681639    2.97057   0.681639
     0.875    4.96188   0.640997   0.624199  -0.767544     3.5843   0.767544
         1    5.00099   0.540302 0.000725531  -0.841471    4.20778   0.841471
     1.125    4.96206   0.431177   -0.62276  -0.902268    4.83126   0.902268
      1.25    4.84571   0.315322   -1.23653  -0.948985    5.44503   0.948985
     1.375    4.65375   0.194548     -1.831  -0.980893     6.0395   0.980893
       1.5    4.38916  0.0707372    -2.3969  -0.997495    6.60541   0.997495
     1.625     4.0561 -0.0541771   -2.92541  -0.998531    7.13391   0.998531
      1.75    3.65974  -0.178246   -3.40826  -0.983986    7.61676   0.983986
     1.875    3.20627  -0.299534   -3.83793  -0.954086    8.04644   0.954086
         2    2.70278  -0.416147   -4.20772  -0.909297    8.41622   0.909297
     2.125    2.15711  -0.526266   -4.51185   -0.85032    8.72035    0.85032
      2.25    1.57778  -0.628174   -4.74558  -0.778073    8.95408   0.778073
     2.375   0.973836  -0.720278   -4.90526  -0.693685    9.11376   0.693685
       2.5   0.354694  -0.801144    -4.9884  -0.598472     9.1969   0.598472
     2.625  -0.269983  -0.869507    -4.9937   -0.49392     9.2022    0.49392
      2.75  -0.890447  -0.924302   -4.92108  -0.381661    9.12958   0.381661
     2.875   -1.49702  -0.964674   -4.77167  -0.263446    8.98018   0.263446
         3   -2.08023  -0.989992   -4.54781   -0.14112    8.75631    0.14112
     3.125   -2.63098  -0.999862   -4.25298 -0.0165919    8.46149  0.0165919
      3.25   -3.14068   -0.99413    -3.8918   0.108195     8.1003  -0.108195
     3.375   -3.60137  -0.972884   -3.46988   0.231294    7.67838  -0.231294
       3.5   -4.00586  -0.936457   -2.99382   0.350783    7.20233  -0.350783
     3.625   -4.34785  -0.885416   -2.47105   0.464799    6.67955  -0.464799
      3.75     -4.622  -0.820559   -1.90972   0.571561    6.11822  -0.571561
     3.875   -4.82403  -0.742898   -1.31859   0.669405    5.52709  -0.669405
         4   -4.95078  -0.653644  -0.706883   0.756802    4.91539  -0.756802
     4.125   -5.00028   -0.55419 -0.0841485   0.832391    4.29265  -0.832391
      4.25   -4.97176  -0.446087   0.539899   0.894989     3.6686  -0.894989
     4.375   -4.86566  -0.331024    1.15552   0.943622    3.05298  -0.943622
       4.5   -4.68364  -0.210796    1.75312    0.97753    2.45539   -0.97753
     4.625   -4.42854 -0.0872778    2.32335   0.996184    1.88515  -0.996184
      4.75   -4.10433  0.0376022    2.85734   0.999293    1.35117  -0.999293
     4.875   -3.71608   0.161895    3.34674   0.986808   0.861768  -0.986808
         5   -3.26985   0.283662    3.78391   0.958924    0.42459  -0.958924
     5.125   -2.77259   0.401003    4.16205   0.916077  0.0464564  -0.916077
      5.25   -2.23207   0.512085    4.47524   0.858934  -0.266734  -0.858934
     5.375   -1.65673   0.615177     4.7186   0.788389  -0.510094  -0.788389
       5.5   -1.05553    0.70867    4.88833    0.70554  -0.679826   -0.70554
     5.625  -0.437858   0.791104    4.98179   0.611682  -0.773281  -0.611682
      5.75   0.186644   0.861192    4.99751   0.508279  -0.789002  -0.508279
     5.875   0.808232   0.917843    4.93525   0.396944  -0.726743  -0.396944
         6    1.41721    0.96017    4.79598   0.279415  -0.587475  -0.279415
     6.125    2.00407   0.987515    4.58188   0.157526  -0.373372  -0.157526
      6.25    2.55967   0.999449    4.29628  0.0331792 -0.0877748 -0.0331792
     6.375    3.07532   0.995788    3.94364 -0.0916857   0.264861  0.0916857
       6.5    3.54298   0.976588    3.52947   -0.21512   0.679032    0.21512
     6.625    3.95536   0.942148    3.06023  -0.335197    1.14828   0.335197
      6.75    4.30603   0.893006    2.54323  -0.450044    1.66527   0.450044
     6.875     4.5895    0.82993    1.98655  -0.557868    2.22195   0.557868
         7    4.80136   0.753902    1.39887  -0.656987    2.80963   0.656987
     7.125     4.9383    0.66611    0.78937  -0.745853    3.41913   0.745853
      7.25    4.99818   0.567924   0.167548  -0.823081    4.04096   0.823081
     7.375    4.98007   0.460876  -0.456888  -0.887465    4.66539   0.887465
       7.5    4.88426   0.346635    -1.0742     -0.938     5.2827      0.938
     7.625    4.71223   0.226986   -1.67474  -0.973898    5.88325   0.973898
      7.75    4.46668   0.103794   -2.24915  -0.994599    6.45766   0.994599
     7.875    4.15142 -0.0210168   -2.78847  -0.999779    6.99698   0.999779
         8    3.77139    -0.1455   -3.28428  -0.989358    7.49278   0.989358
     8.125    3.33251  -0.267713   -3.72884  -0.963499    7.93734   0.963499
      8.25    2.84163  -0.385748   -4.11522  -0.922604    8.32372   0.922604
     8.375    2.30641  -0.497764   -4.43738  -0.867313    8.64588   0.867313
       8.5    1.73521  -0.602012    -4.6903  -0.798487    8.89881   0.798487
     8.625    1.13692  -0.696866   -4.87004  -0.717201    9.07854   0.717201
      8.75   0.520899  -0.780846   -4.97379  -0.624724    9.18229   0.624724
     8.875  -0.103253  -0.852641   -4.99992  -0.522498    9.20843   0.522498
         9  -0.725793   -0.91113   -4.94804  -0.412118    9.15654   0.412118
     9.125   -1.33701  -0.955402   -4.81895  -0.295308    9.02745   0.295308
      9.25   -1.92736  -0.984765   -4.61467  -0.173889    8.82317   0.173889
     9.375   -2.48764  -0.998761   -4.33838 -0.0497574    8.54688  0.0497574
       9.5    -3.0091  -0.997172   -3.99439  0.0751511     8.2029 -0.0751511
     9.625   -3.48361  -0.980022   -3.58808   0.198887    7.79658  -0.198887
      9.75   -3.90376   -0.94758   -3.12578   0.319519    7.33428  -0.319519
     9.875     -4.263  -0.900351   -2.61471   0.435165    6.82321  -0.435165
        10   -4.55572  -0.839072   -2.06283   0.544021    6.27134  -0.544021
    10.125   -4.77735  -0.764699   -1.47877   0.644387    5.68728  -0.644387
     10.25   -4.92444  -0.678394  -0.871637   0.734698    5.08014  -0.734698
    10.375   -4.99469  -0.581502  -0.250901   0.813545     4.4594  -0.813545
      10.5     -4.987  -0.475537    0.37375   0.879696    3.83475  -0.879696
    10.625    -4.9015  -0.362151    0.99257    0.93212    3.21593   -0.93212
     10.75   -4.73951  -0.243113     1.5959   0.969998     2.6126  -0.969998
    10.875   -4.50357  -0.120282    2.17433    0.99274    2.03417   -0.99274
        11   -4.19736  0.0044257    2.71883    0.99999    1.48967   -0.99999
